OMIMID
100100
100300
100800
101000
101200
101400
101600
101800
101900
102100
102200
102300
102370
102400
102500
102700
102900
103050
103100
103285
103470
103500
103580
103780
103900
104100
104130
104200
104290
104300
104310
104500
104510
104530
105120
105150
105200
105210
105250
105400
105500
105550
105650
105830
106100
106190
106210
106260
106300
106400
106600
107250
107320
107480
107550
107600
107650
107970
108010
108120
108145
108300
108500
108600
108720
108721
108770
108900
108985
109100
109150
109200
109350
109400
109543
109730
109800
110100
112240
112250
112310
112410
112500
112600
113000
113100
113200
113300
113500
113610
113620
113650
113750
113800
113900
113970
114000
114290
114300
114480
114500
114550
114580
114900
115000
115080
115150
115195
115196
115197
115200
115210
115300
115310
115430
115645
115700
116100
116200
116300
116600
116700
116800
116860
116920
117000
117210
117300
117360
117550
117650
118100
118200
118210
118220
118300
118400
118450
118600
118700
118800
119300
119500
119540
119600
119800
119900
120100
120200
120330
120430
120433
120435
120790
120970
121050
121200
121201
121300
121800
121820
121850
121900
122000
122100
122200
122400
122470
122600
122700
122860
122880
123000
123100
123150
123320
123400
123450
123500
123700
123790
124000
124200
124480
124500
124900
125250
125310
125320
125350
125370
125400
125420
125480
125490
125500
125595
125630
125700
125800
125850
125851
125852
125853
126200
126600
126700
127000
127300
127400
127550
127700
127750
128100
128101
128200
128230
128235
129200
129400
129490
129500
129600
130000
130020
130050
130060
130070
130080
130600
130650
130720
130900
131100
131200
131300
131440
131705
131750
131760
131800
131850
131950
131960
132000
132090
132100
132300
132400
132450
132600
132700
132800
132900
133020
133100
133200
133239
133540
133600
133690
133700
133701
133780
134430
134500
134510
134520
134600
134610
134750
135100
135150
135290
135300
135500
135550
135700
135750
135900
136000
136120
136140
136520
136630
136680
136760
136800
136880
136900
137200
137215
137245
137400
137440
137550
137580
137600
137750
137760
137800
137920
137940
138000
138500
138800
138900
139090
139210
139300
139393
140000
140300
140350
140600
140700
140850
141200
141500
142330
142623
142669
142680
142690
142900
142945
142946
143095
143100
143200
143400
143465
143470
143500
143860
143870
143880
143890
144010
144110
144200
144250
144650
144700
144750
145000
145001
145100
145200
145250
145410
145500
145600
145650
145680
145750
145900
145980
145981
146000
146110
146200
146255
146300
146500
146510
146520
146550
146590
146700
146800
146850
147050
147060
147250
147480
147530
147540
147750
147891
147920
147950
148000
148050
148100
148190
148210
148300
148350
148500
148600
148700
148820
149200
149400
149700
149730
150250
150400
150600
150699
150800
151050
151100
151210
151380
151400
151590
151600
151623
151660
152700
152950
153100
153400
153480
153550
153600
153640
153670
153700
153800
153880
154020
154275
154276
154400
154500
154700
154780
154800
155100
155240
155255
155310
155600
155601
155755
155950
156000
156190
156200
156240
156250
156400
156500
156510
156530
156550
157170
157300
157600
157640
157700
157800
157950
158000
158280
158300
158320
158330
158580
158590
158600
158810
158900
158901
159000
159001
159550
159900
159950
160120
160150
160300
160500
160565
160750
160800
160900
160980
161000
161200
161400
161800
161900
162000
162091
162100
162200
162210
162300
162400
162500
162800
162830
162900
163000
163200
163500
163800
163950
164200
164230
164280
164300
164400
164500
165150
165199
165300
165500
165550
165720
165800
166200
166210
166220
166250
166260
166300
166350
166600
166700
166710
166760
166780
166900
167000
167030
167200
167210
167250
167320
167400
167800
167870
168000
168100
168300
168400
168500
168550
168600
168601
168605
169100
169150
169400
169500
169600
170100
170390
170400
170500
170650
170900
171200
171300
171400
172700
172800
172870
173100
173200
173600
173650
173900
174000
174050
174200
174300
174500
174700
174800
174810
174900
175050
175100
175200
175505
175510
175700
175780
175800
175900
176000
176100
176200
176270
176305
176400
176410
176430
176450
176500
176670
176800
176807
176860
176920
177000
177170
177200
177650
177735
177820
177850
177900
178110
178300
178500
178600
179600
179800
179830
179850
180000
180100
180104
180105
180200
180295
180300
180500
180550
180700
180750
180849
180860
180920
181000
181030
181270
181350
181400
181405
181430
181450
181460
181500
182000
182170
182212
182230
182250
182280
182290
182410
182600
182601
182830
182900
182920
182940
182980
183086
183090
183900
184095
184250
184252
184450
184460
184500
184700
184840
184900
185000
185020
185300
185500
185800
186000
186100
186200
186300
186500
186550
186580
187300
187360
187500
187600
187601
187800
187900
187950
188000
188030
188050
188055
188400
188470
188550
188570
188580
188740
188890
189500
189600
189800
189960
190300
190310
190320
190350
190351
190400
190440
190685
190900
191100
191390
191480
191830
191900
192000
192200
192315
192350
192430
192500
192600
192605
192950
193100
193200
193220
193230
193235
193300
193400
193510
193520
193530
193670
193700
193900
194050
194070
194071
194072
194080
194190
194200
194300
194380
194470
200100
200110
200150
200170
200500
200600
200610
200700
200950
200990
201000
201100
201250
201300
201400
201450
201470
201475
201710
201750
201810
201910
202010
202110
202200
202300
202370
202400
202650
202700
203100
203200
203290
203300
203400
203450
203500
203650
203655
203700
203740
203750
203780
203800
204000
204100
204200
204300
204500
204650
204690
204700
204750
204870
205100
205400
205700
205950
206100
206200
206500
206700
206800
206900
206920
207410
207750
207800
207900
208000
208050
208085
208100
208150
208230
208250
208300
208400
208530
208540
208550
208700
208750
208900
208920
209300
209500
209850
209880
209885
209900
209920
209950
210000
210200
210210
210250
210370
210600
210720
210900
211180
211400
211500
211530
211600
211750
211800
211900
211980
212050
212065
212066
212070
212112
212130
212138
212140
212350
212500
212550
212720
212750
212780
212840
213200
213300
213600
213700
214100
214110
214150
214300
214400
214450
214500
214700
214800
214950
215045
215100
215140
215150
215300
215470
215500
215600
215700
216340
216360
216400
216550
216820
216900
216950
217000
217080
217085
217090
217095
217150
217200
217300
217400
217700
217800
218000
218030
218040
218200
218330
218340
218400
218600
218700
218800
219000
219050
219080
219090
219100
219150
219200
219500
219700
219730
219750
219800
219900
220100
220110
220111
220120
220150
220210
220290
220400
220600
221200
221750
221770
221820
221900
222100
222300
222448
222470
222600
222700
222730
222748
222765
222800
222900
223000
223100
223350
223360
223800
223900
224050
224100
224120
224230
224410
224500
224690
224750
224900
225060
225100
225200
225250
225280
225300
225320
225400
225410
225500
225740
225750
225753
225755
225790
226000
226150
226200
226300
226400
226600
226650
226670
226700
226730
226750
226900
226980
227260
227300
227400
227500
227600
227645
227646
227650
227810
228000
228300
228520
228550
228600
228900
228930
228960
228980
229050
229070
229100
229200
229300
229600
229700
229800
230000
230200
230350
230400
230450
230500
230740
230800
230900
231000
231005
231050
231070
231090
231095
231200
231300
231530
231550
231670
231680
231690
231900
231950
232200
232220
232240
232300
232400
232500
232600
232700
232800
233100
233300
233400
233420
233650
233690
233700
233710
233810
233910
234000
234050
234100
234200
234500
234580
234700
234810
235200
235400
235510
235550
235555
235700
235730
235800
236000
236200
236250
236270
236600
236670
236680
236700
236730
236792
236800
237300
237310
237450
237500
237900
238320
238600
238700
238800
238970
239000
239100
239200
239300
239350
239500
239510
239850
240200
240300
240400
240500
240600
240800
240900
241080
241100
241200
241410
241500
241510
241519
241520
241530
241550
241600
241800
241850
242100
242300
242500
242600
242840
242860
242900
243000
243060
243150
243200
243310
243500
243605
243700
243800
244200
244400
244450
244460
245000
245010
245050
245150
245200
245300
245340
245348
245349
245400
245480
245570
245590
245600
245660
245800
246000
246200
246300
246400
246450
246470
246650
246700
246900
247100
247200
247640
248190
248200
248250
248300
248340
248360
248370
248390
248450
248500
248510
248600
248700
248800
248900
249000
249100
249270
249400
249420
249500
249700
249900
250100
250220
250250
250400
250410
250460
250620
250790
250800
250850
250940
250950
251000
251100
251110
251120
251200
251255
251260
251270
251290
251300
251450
251750
251850
251880
251950
252010
252011
252150
252160
252320
252500
252600
252605
252650
252900
252920
252930
252940
253000
253010
253200
253220
253250
253260
253270
253280
253290
253300
253310
253400
253600
253601
253700
254090
254110
254130
254200
254210
254300
254400
254450
254500
254600
254770
254780
254800
254900
255100
255110
255120
255125
255160
255200
255310
255320
255600
255700
255800
255960
255995
256000
256030
256040
256050
256100
256300
256370
256450
256500
256520
256540
256550
256600
256700
256730
256731
256800
256810
256840
256850
257200
257220
257270
257300
257320
257850
257920
257980
258100
258315
258360
258450
258480
258501
258660
258860
258870
258900
259050
259420
259440
259450
259500
259600
259700
259710
259720
259730
259770
259775
259900
260000
260005
260300
260350
260370
260400
260480
260500
260540
260565
260570
260600
260660
260800
260920
260970
261000
261100
261500
261515
261540
261550
261600
261630
261640
261650
261670
261680
261740
261750
262000
262300
262400
262500
262600
262650
262700
262850
262890
263200
263210
263300
263400
263520
263570
263650
263700
263750
263800
264070
264080
264120
264300
264350
264470
264600
264700
264800
265000
265050
265100
265120
265380
265400
265450
265800
265900
266100
266120
266130
266140
266150
266200
266265
266280
266500
266510
266600
266900
266920
267000
267010
267300
267430
267500
267740
267750
268000
268100
268130
268150
268200
268210
268220
268300
268305
268310
268320
268400
268700
268800
268900
269150
269160
269250
269400
269500
269600
269700
269840
269880
269920
269921
270100
270200
270300
270400
270420
270450
270550
270685
270700
270750
270800
270960
270970
271150
271245
271400
271640
271665
271700
271900
271930
271980
272120
272200
272300
272430
272440
272460
272750
272800
273300
273395
273750
273800
273900
274000
274150
274270
274300
274400
274500
274600
274700
274800
274900
275000
275100
275120
275200
275210
275350
275355
275400
275630
275900
276300
276600
276700
276710
276820
276880
276900
276901
276902
276904
276950
277170
277180
277300
277350
277380
277400
277410
277440
277450
277460
277470
277480
277580
277590
277600
277700
277730
277900
277950
278000
278150
278200
278250
278300
278700
278720
278730
278740
278750
278760
278780
278800
280000
300000
300004
300009
300018
300029
300048
300049
300055
300066
300067
300068
300071
300087
300088
300100
300106
300114
300123
300125
300136
300143
300148
300166
300200
300209
300210
300215
300232
300238
300243
300244
300257
300260
300263
300271
300291
300299
300301
300306
300321
300322
300323
300352
300354
300367
300373
300376
300387
300400
300419
300422
300423
300424
300425
300434
300436
300438
300448
300455
300472
300475
300476
300486
300489
300491
300494
300495
300496
300497
300498
300500
300504
300510
300511
300514
300519
300523
300534
300539
300554
300555
300558
300559
300577
300582
300584
300590
300600
300604
300607
300614
300615
300622
300623
300624
300633
300635
300636
300640
300643
300645
300653
300659
300661
300672
300673
300676
300695
300696
300699
300705
300706
300707
300716
300717
300718
300749
300751
300752
300755
300758
300770
300799
300802
300804
300807
300813
300814
300816
300818
300830
300831
300834
300835
300842
300844
300847
300849
300850
300853
300854
300855
300857
300860
300863
300868
300872
300884
300886
300887
300888
300894
300895
300896
300908
300909
300910
300911
300912
300915
300918
300919
301000
301040
301050
301200
301220
301310
301500
301830
301835
301900
302045
302060
302200
302350
302500
302800
302905
302950
302960
303100
303110
303350
303400
303600
303700
303800
303900
304020
304100
304110
304120
304150
304340
304400
304500
304700
304790
304800
304900
305000
305100
305390
305400
305450
305600
305620
306000
306400
306700
306900
306955
307000
307030
307200
307700
307800
308050
308100
308205
308230
308240
308300
308350
308700
308800
308940
308990
309000
309120
309300
309350
309400
309500
309510
309520
309530
309541
309548
309549
309580
309583
309585
309630
309800
309801
309900
310300
310400
310440
310465
310468
310490
310500
310600
310700
311070
311200
311250
311300
311360
311510
311900
312000
312060
312080
312170
312600
312700
312750
312870
312910
312920
313200
313400
313500
313900
314050
314250
314390
314400
314580
400044
400045
415000
500008
535000
540000
551500
556500
580000
600001
600002
600059
600060
600072
600081
600082
600101
600105
600110
600116
600118
600121
600131
600132
600138
600142
600143
600145
600155
600175
600195
600202
600204
600208
600224
600231
600251
600263
600274
600309
600316
600319
600320
600334
600348
600351
600363
600373
600376
600430
600462
600467
600496
600501
600512
600513
600625
600630
600631
600634
600638
600649
600652
600666
600669
600721
600740
600775
600791
600794
600795
600802
600803
600807
600808
600850
600852
600858
600880
600881
600882
600886
600901
600919
600920
600955
600962
600965
600969
600971
600972
600974
600975
600977
600987
600994
600995
600996
601001
601003
601004
601005
601042
601067
601071
601072
601088
601098
601104
601110
601144
601152
601154
601162
601186
601198
601200
601208
601214
601216
601238
601277
601283
601287
601316
601317
601318
601321
601338
601358
601367
601369
601382
601386
601388
601390
601399
601410
601414
601419
601455
601457
601462
601472
601492
601493
601494
601495
601518
601536
601539
601543
601544
601547
601552
601553
601559
601583
601596
601608
601626
601631
601634
601650
601665
601666
601675
601678
601680
601682
601696
601705
601707
601709
601718
601744
601776
601777
601780
601812
601813
601815
601820
601847
601859
601868
601869
601885
601887
601888
601894
601941
601942
601952
601954
601977
602014
602025
602032
602066
602068
602078
602079
602080
602081
602082
602083
602088
602089
602092
602093
602096
602099
602111
602134
602342
602347
602361
602390
602398
602400
602404
602433
602450
602459
602473
602475
602481
602482
602483
602485
602491
602522
602531
602535
602540
602541
602579
602588
602629
602668
602722
602723
602771
602772
602782
602849
602875
603013
603034
603041
603075
603147
603165
603194
603218
603233
603266
603278
603284
603285
603358
603373
603383
603387
603388
603457
603467
603471
603511
603513
603516
603543
603552
603553
603554
603563
603585
603622
603629
603649
603671
603688
603689
603720
603736
603776
603786
603813
603829
603830
603860
603896
603902
603903
603909
603932
603933
603956
603965
604004
604091
604093
604116
604117
604121
604129
604131
604145
604168
604169
604173
604187
604213
604218
604219
604229
604232
604233
604250
604271
604273
604278
604286
604290
604292
604302
604307
604308
604317
604320
604321
604326
604348
604352
604356
604360
604364
604367
604370
604377
604379
604387
604391
604393
604400
604403
604416
604432
604454
604484
604498
604536
604537
604559
604563
604571
604625
604715
604717
604757
604765
604772
604777
604804
604805
604827
604841
604864
604901
604928
604931
605013
605019
605021
605027
605039
605055
605074
605115
605130
605192
605218
605253
605258
605259
605280
605282
605285
605289
605309
605355
605361
605362
605373
605375
605376
605387
605389
605407
605428
605429
605432
605462
605472
605479
605480
605526
605543
605552
605583
605588
605589
605594
605606
605637
605670
605676
605711
605714
605724
605726
605751
605803
605804
605805
605809
605814
605820
605841
605844
605850
605899
605909
605911
605990
606002
606003
606054
606056
606068
606069
606070
606071
606072
606159
606164
606170
606176
606217
606232
606243
606324
606346
606353
606367
606369
606392
606394
606408
606438
606445
606482
606545
606574
606579
606581
606593
606595
606612
606657
606658
606664
606685
606688
606690
606693
606703
606705
606713
606719
606721
606744
606762
606763
606764
606766
606768
606777
606785
606788
606798
606799
606812
606824
606835
606842
606843
606854
606856
606864
606889
606893
606943
606952
606963
606966
606996
607014
607039
607060
607078
607080
607084
607091
607095
607101
607107
607131
607136
607143
607151
607154
607155
607174
607196
607200
607202
607208
607225
607236
607250
607259
607271
607277
607278
607313
607323
607326
607330
607339
607341
607346
607361
607364
607371
607373
607398
607411
607417
607426
607432
607447
607450
607453
607454
607459
607464
607473
607475
607476
607482
607483
607485
607487
607498
607499
607501
607507
607508
607514
607516
607523
607539
607541
607554
607572
607595
607596
607598
607602
607616
607624
607625
607626
607628
607631
607634
607636
607641
607654
607655
607676
607677
607678
607681
607682
607684
607685
607688
607694
607706
607721
607734
607736
607745
607748
607765
607778
607785
607791
607801
607812
607821
607822
607823
607829
607831
607832
607834
607836
607841
607842
607847
607850
607855
607864
607876
607903
607906
607907
607921
607932
607936
607941
607944
607948
608013
608022
608027
608030
608033
608049
608051
608088
608089
608091
608093
608097
608099
608104
608105
608106
608115
608118
608133
608161
608175
608180
608189
608194
608203
608217
608224
608232
608233
608236
608265
608266
608320
608323
608328
608340
608354
608355
608358
608361
608380
608389
608390
608393
608404
608415
608423
608437
608443
608446
608456
608470
608471
608516
608540
608553
608556
608565
608567
608569
608572
608579
608583
608584
608594
608611
608612
608615
608622
608627
608629
608634
608636
608641
608643
608644
608647
608649
608654
608673
608688
608709
608716
608728
608747
608751
608758
608765
608776
608779
608782
608799
608800
608804
608805
608807
608808
608810
608812
608836
608837
608840
608864
608874
608885
608890
608895
608898
608901
608902
608907
608908
608930
608931
608940
608957
608970
608971
608978
608980
608984
608996
609006
609015
609016
609033
609040
609048
609049
609053
609054
609056
609057
609060
609069
609115
609129
609135
609136
609140
609141
609148
609152
609153
609161
609162
609165
609180
609192
609195
609200
609218
609220
609227
609241
609254
609260
609265
609270
609283
609284
609285
609286
609304
609306
609307
609308
609310
609311
609313
609322
609338
609340
609352
609404
609423
609432
609439
609441
609446
609452
609460
609508
609524
609528
609529
609532
609533
609535
609536
609541
609560
609579
609583
609597
609620
609621
609622
609628
609630
609634
609637
609638
609646
609698
609706
609734
609741
609753
609755
609796
609812
609813
609814
609820
609821
609823
609886
609887
609889
609909
609923
609924
609939
609942
609968
609975
609981
610006
610015
610017
610019
610021
610024
610031
610042
610048
610064
610069
610090
610092
610093
610100
610102
610125
610127
610131
610140
610149
610153
610154
610156
610163
610168
610181
610185
610187
610188
610189
610193
610198
610199
610202
610205
610212
610217
610220
610227
610244
610245
610246
610250
610251
610253
610256
610265
610282
610283
610293
610297
610313
610329
610333
610353
610356
610357
610359
610370
610374
610379
610381
610419
610424
610425
610427
610441
610442
610443
610444
610445
610446
610448
610455
610460
610474
610475
610476
610478
610489
610498
610504
610505
610508
610532
610536
610539
610542
610549
610551
610582
610599
610612
610618
610623
610628
610629
610644
610651
610678
610682
610687
610688
610698
610706
610708
610713
610717
610725
610733
610738
610743
610755
610756
610758
610759
610762
610768
610773
610798
610799
610805
610828
610829
610832
610842
610852
610878
610883
610896
610913
610915
610921
610927
610938
610947
610951
610954
610965
610967
610968
610978
610984
610988
610992
611015
611016
611022
611038
611064
611067
611081
611087
611090
611091
611092
611093
611102
611105
611126
611131
611134
611136
611162
611174
611182
611209
611225
611228
611263
611277
611283
611291
611302
611307
611363
611369
611377
611378
611383
611390
611391
611407
611431
611451
611465
611488
611489
611490
611493
611497
611498
611521
611523
611528
611543
611544
611548
611553
611554
611556
611560
611561
611584
611588
611590
611597
611603
611615
611638
611705
611718
611719
611721
611722
611726
611755
611762
611771
611773
611775
611777
611783
611788
611804
611809
611812
611816
611818
611819
611820
611868
611875
611876
611878
611879
611880
611881
611884
611890
611895
611928
611938
611942
611943
611953
611960
612001
612004
612015
612016
612018
612020
612052
612067
612069
612073
612075
612076
612079
612095
612098
612100
612109
612119
612124
612126
612132
612138
612158
612160
612164
612199
612201
612219
612225
612227
612229
612233
612237
612240
612244
612245
612247
612251
612253
612260
612261
612269
612278
612279
612281
612284
612285
612286
612287
612290
612291
612292
612300
612301
612304
612310
612313
612318
612319
612336
612337
612347
612348
612350
612356
612359
612362
612370
612371
612376
612379
612387
612389
612390
612394
612400
612416
612422
612423
612437
612444
612446
612447
612460
612463
612474
612518
612520
612522
612526
612527
612528
612529
612539
612540
612541
612542
612551
612555
612556
612560
612561
612562
612563
612567
612572
612577
612580
612581
612591
612621
612623
612624
612628
612631
612633
612634
612635
612643
612644
612645
612649
612650
612651
612653
612656
612657
612671
612674
612690
612691
612692
612702
612703
612712
612713
612714
612716
612718
612736
612740
612775
612780
612781
612782
612783
612794
612797
612798
612813
612838
612840
612847
612852
612874
612877
612885
612899
612900
612908
612918
612921
612922
612923
612924
612925
612926
612932
612933
612936
612937
612938
612940
612943
612949
612951
612952
612953
612954
612955
612956
612961
612964
612965
612968
612975
612989
612997
612998
612999
613000
613001
613002
613003
613011
613013
613014
613021
613024
613027
613028
613029
613038
613060
613065
613068
613070
613071
613073
613074
613075
613076
613077
613078
613079
613080
613086
613090
613091
613092
613093
613094
613095
613099
613100
613101
613102
613105
613107
613108
613112
613115
613116
613118
613119
613120
613122
613123
613135
613148
613151
613152
613155
613156
613157
613158
613159
613161
613162
613163
613172
613177
613179
613180
613192
613193
613194
613195
613204
613205
613206
613211
613216
613217
613223
613224
613225
613227
613229
613235
613237
613243
613244
613251
613252
613254
613255
613265
613266
613267
613268
613270
613280
613285
613286
613287
613291
613307
613308
613309
613310
613312
613313
613319
613325
613327
613329
613330
613341
613345
613347
613348
613353
613370
613375
613376
613382
613385
613388
613390
613391
613398
613399
613402
613404
613406
613410
613411
613424
613426
613435
613436
613443
613451
613453
613454
613456
613464
613470
613471
613477
613480
613485
613488
613489
613490
613495
613496
613500
613501
613502
613506
613507
613508
613517
613550
613551
613554
613559
613561
613563
613571
613573
613575
613581
613582
613587
613610
613611
613612
613616
613617
613625
613630
613640
613641
613642
613643
613646
613647
613652
613656
613657
613659
613660
613661
613662
613668
613670
613671
613672
613673
613674
613676
613677
613679
613680
613686
613688
613690
613693
613694
613695
613697
613702
613703
613704
613705
613706
613707
613708
613710
613711
613712
613717
613718
613720
613721
613722
613723
613724
613728
613730
613731
613735
613736
613737
613743
613744
613750
613751
613752
613756
613757
613758
613759
613761
613762
613763
613765
613767
613769
613779
613780
613783
613784
613789
613790
613791
613794
613795
613796
613800
613801
613803
613804
613805
613807
613808
613809
613810
613811
613812
613818
613819
613820
613824
613825
613826
613827
613829
613830
613835
613837
613838
613839
613843
613845
613848
613849
613850
613854
613855
613856
613860
613861
613862
613863
613865
613869
613870
613873
613874
613875
613876
613877
613881
613882
613886
613887
613908
613912
613916
613926
613933
613943
613950
613951
613953
613954
613955
613956
613957
613958
613960
613970
613972
613977
613980
613981
613982
613983
613985
613986
613987
613988
613989
613990
614008
614009
614017
614018
614019
614020
614021
614022
614023
614025
614028
614034
614035
614036
614037
614038
614039
614042
614044
614049
614050
614052
614053
614055
614065
614066
614067
614069
614070
614072
614073
614074
614075
614076
614077
614078
614079
614080
614082
614083
614089
614091
614096
614097
614098
614099
614102
614104
614105
614111
614113
614114
614115
614116
614120
614128
614129
614131
614134
614135
614152
614153
614156
614157
614158
614160
614162
614163
614164
614165
614167
614170
614171
614172
614180
614181
614186
614188
614190
614192
614195
614196
614198
614199
614200
614201
614202
614203
614204
614207
614212
614213
614219
614222
614225
614226
614228
614229
614231
614249
614250
614251
614254
614255
614256
614257
614261
614262
614265
614266
614278
614279
614284
614286
614291
614292
614293
614296
614298
614299
614300
614302
614303
614305
614306
614307
614320
614321
614322
614324
614325
614326
614327
614328
614331
614332
614335
614337
614338
614340
614350
614369
614370
614371
614372
614373
614378
614379
614380
614382
614383
614385
614388
614389
614390
614391
614395
614401
614402
614408
614409
614415
614417
614418
614420
614429
614430
614431
614432
614433
614434
614435
614436
614437
614438
614441
614450
614455
614456
614458
614462
614466
614468
614473
614474
614475
614480
614482
614483
614485
614486
614487
614491
614492
614493
614495
614496
614497
614499
614500
614504
614507
614508
614514
614519
614521
614524
614546
614557
614558
614559
614563
614564
614576
614582
614583
614592
614594
614595
614602
614607
614608
614609
614613
614614
614616
614617
614618
614619
614621
614640
614643
614650
614651
614652
614653
614654
614662
614665
614669
614672
614673
614674
614675
614678
614679
614680
614691
614692
614696
614700
614701
614702
614706
614707
614714
614723
614727
614732
614736
614739
614740
614741
614742
614743
614744
614748
614749
614750
614751
614756
614779
614782
614807
614808
614809
614810
614814
614816
614817
614819
614820
614822
614823
614830
614831
614833
614837
614838
614839
614840
614841
614842
614844
614845
614849
614850
614852
614856
614857
614858
614859
614860
614861
614862
614863
614866
614867
614868
614869
614870
614871
614872
614873
614874
614876
614877
614878
614879
614880
614881
614882
614883
614885
614886
614887
614893
614895
614897
614898
614899
614900
614915
614916
614920
614921
614922
614923
614924
614929
614931
614932
614934
614935
614937
614940
614944
614945
614946
614947
614959
614961
614962
614963
614969
614972
614974
614976
614980
615005
615007
615008
615010
615023
615024
615025
615026
615028
615030
615031
615032
615033
615034
615040
615041
615042
615043
615048
615059
615065
615066
615071
615072
615073
615074
615075
615081
615083
615084
615085
615091
615092
615095
615106
615107
615108
615109
615112
615113
615119
615120
615122
615134
615135
615139
615145
615147
615156
615157
615158
615159
615160
615179
615181
615182
615184
615185
615188
615190
615191
615193
615206
615207
615214
615217
615219
615220
615221
615224
615225
615228
615232
615233
615234
615235
615237
615238
615244
615248
615249
615266
615267
615268
615269
615270
615271
615272
615273
615274
615277
615278
615279
615280
615281
615282
615284
615285
615286
615287
615293
615294
615297
615298
615311
615314
615325
615327
615330
615342
615343
615344
615346
615348
615349
615350
615351
615352
615355
615356
615360
615362
615368
615369
615371
615373
615374
615376
615377
615378
615381
615382
615387
615395
615396
615398
615399
615400
615401
615402
615411
615412
615413
615414
615418
615419
615420
615422
615424
615425
615426
615429
615431
615432
615434
615436
615438
615439
615440
615441
615444
615451
615453
615457
615458
615468
615471
615473
615476
615481
615482
615483
615486
615489
615490
615491
615493
615500
615501
615502
615503
615504
615505
615506
615508
615510
615511
615512
615513
615516
615517
615518
615522
615523
615524
615527
615528
615529
615530
615537
615539
615540
615541
615542
615544
615545
615546
615548
615550
615551
615552
615553
615554
615555
615557
615558
615559
615560
615561
615565
615573
615574
615575
615577
615578
615582
615583
615590
615591
615592
615593
615595
615596
615597
615598
615599
615604
615605
615607
615615
615616
615617
615625
615629
615630
615631
615633
615637
615643
615651
615658
615663
615670
615673
615683
615685
615686
615696
615703
615705
615707
615710
615711
615715
615716
615722
615723
615724
615726
615728
615731
615735
615744
615745
615750
615751
615758
615760
615761
615763
615770
615771
615774
615777
615779
615780
615785
615803
615809
615812
615816
615817
615828
615829
615830
615834
615838
615846
615848
615849
615851
615860
615863
615873
615878
615879
615883
615885
615887
615896
615897
